7
83,39
36,63
29,29
91,38
96,79
28,55
10,0
20,28
64,20
67,0
13,0
19,30
6,95
1,70
22,40
83,74
46,64
28,22
36,12
53,37
15,93
96,10
8,67
44,35
35,72
98,56
42,50
3,63
25,65
97,68
10,14
29,32
10,65
2,4
23,96
30,74
43,68
43,99
51,23
23,0
81,6
42,71
65,2
92,61
81,31
49,92
8,24
24,35
14,18
13,24
81,49
91,63
31,9
25,20
53,34
55,18
94,3
1,63
66,48
87,99
91,7
33,55
10,94
48,73
58,17
68,12
17,72
83,96
61,40
43,17
15,1
77,23
14,96
60,50
89,31
57,50
42,74
70,64
7,44
52,15
55,20
56,44
45,54
47,67
25,10
0,4
65,31
58,52
98,32
81,89
10,11
70,85
91,46
21,17
8,89
73,46
36,71
55,54
2,68
79,6
9,5
71,22
16,0
37,46
16,13
92,35
56,40
98,44
0,20
88,9
37,72
70,72
11,52
84,21
66,34
5,45
62,9
79,84
64,34
18,81
9,29
37,5
85,15
68,69
44,92
95,32
61,30
70,21
23,64
56,19
74,69
88,71
39,44
53,77
62,2
57,60
10,29
44,72
57,28
68,53
82,2
55,42
75,93
59,39
99,92
89,86
85,73
29,62
71,34
85,33
29,35
8,39
55,28
86,17
3,52
87,88
81,35
50,98
64,28
50,49
93,50
18,57
45,50
76,15
50,92
37,87
49,63
21,63
42,34
25,74
24,49
82,65
85,52
66,15
47,89
71,35
62,91
28,62
83,32
19,56
63,60
2,96
65,45
69,77
30,27
72,6
51,56
99,8
36,44
68,35
43,14
91,29
63,67
62,25
88,40
83,57
65,86
76,48
3,18
40,45
1,72
55,70
73,23
1,79
61,87
17,8
25,9
71,93
4,13
33,67
57,87
8,79
1,60
36,45
46,70
79,87
25,97
70,76
30,87
98,30
25,2
96,58
30,65
45,27
52,97
88,18
11,74
74,24
3,14
45,73
81,87
87,12
69,18
57,19
73,37
20,38
88,27
47,64
23,3
33,31
68,41
36,97
60,81
19,49
81,13
48,42
14,27
92,68
26,61
76,72
59,80
68,72
96,48
75,81
17,4
4,19
27,94
21,80
26,61
89,52
5,2
55,23
24,82
35,42
91,60
15,47
20,17
69,23
14,8
56,83
43,12
90,70
69,38
23,90
20,79
7,55
37,85
25,24
25,96
3,75
18,81
30,22
40,67
27,58
81,81
21,70
46,80
20,3
39,91
40,47
96,16
70,73
86,5
26,30
46,13
82,0
7,70
48,4
4,41
54,89
37,42
4,25
69,52
70,98
38,0
58,95
57,35
84,35
26,4
66,2
48,32
49,16
59,88
50,23
8,30
78,59
92,3
23,48
20,79
16,29
92,14
73,85
67,25
34,64
42,24
29,13
6,19
27,23
77,88
38,75
14,53
89,85
14,88
98,75
18,0
48,36
70,50
49,85
3,92
40,43
12,70
16,25
41,93
16,58
75,30
14,99
87,87
49,77
54,81
13,79
77,84
84,56
10,45
88,99
6,70
9,55
3,79
93,80
29,9
36,30
64,68
63,86
2,4
6,79
36,27
47,49
2,29
48,31
47,51
32,97
34,85
40,81
87,73
53,12
95,86
20,61
45,43
66,63
88,97
4,91
45,88
25,52
41,89
69,23
89,38
19,99
69,98
99,48
37,58
48,66
54,9
74,68
15,28
98,6
95,89
20,31
1,28
78,62
83,59
21,90
80,68
50,44
41,81
27,59
83,26
84,15
36,27
32,17
39,73
20,8
97,92
48,37
5,89
83,77
19,70
24,61
43,84
84,20
53,44
70,69
14,23
91,87
40,51
62,3
5,57
14,26
67,43
40,59
42,77
17,78
72,25
85,5
32,27
28,16
95,40
84,83
79,72
27,14
24,25
42,59
42,12
44,28
84,70
2,51
5,17
13,84
82,56
72,1
58,61
59,33
14,73
19,42
20,33
61,85
21,96
56,59
8,28
1,66
25,76
88,36
31,13
55,32
16,51
72,19
36,31
16,75
5,83
69,45
78,20
29,38
52,37
28,99
26,4
75,12
97,59
81,80
54,63
14,68
72,67
45,23
23,25
62,43
53,10
30,52
65,22
14,5
85,3
31,26
35,45
33,90
42,65
12,36
8,74
83,95
24,64
78,54
35,38
47,19
30,15
64,7
93,17
62,50
41,74
5,30
7,51
69,76
1,85
68,91
48,41
51,89
55,71
79,61
14,80
50,92
47,27
96,29
28,26
73,66
89,52
51,28
15,27
89,19
7,65
91,5
20,40
49,24
42,43
32,12
83,50
97,21
68,75
82,0
34,8
21,85
76,80
72,85
56,32
32,77
89,53
21,28
42,23
58,14
84,36
47,33
94,52
10,24
65,63
46,50
70,89
57,34
49,60
45,73
76,7
0,13
47,37
59,0
65,10
69,35
98,55
72,99
44,64
73,86
68,32
68,50
94,65
85,29
3,92
49,63
57,37
80,71
91,81
74,33
54,88
66,29
33,8
4,27
77,29
85,58
83,29
70,22
20,33
24,24
8,90
44,51
44,32
92,46
44,79
11,78
16,80
91,70
25,28
14,44
78,37
22,68
54,6
40,27
35,27
74,48
1,20
89,41
90,65
69,72
76,54
78,3
55,17
20,99
11,42
62,63
35,48
54,75
56,89
37,32
24,38
90,50
69,40
33,87
28,5
67,97
64,62
47,97
92,7
0,49
76,46
21,36
85,17
23,51
73,99
89,14
22,24
94,18
96,72
24,1
50,11
9,55
63,45
7,0
56,47
71,58
37,99
44,87
64,51
38,9
75,1
12,87
90,85
75,78
80,77
41,29
43,74
31,32
0,0
31,71
55,27
87,10
6,44
60,60
25,42
22,93
83,95
74,11
86,74
10,36
8,3
38,97
1,60
33,79
76,62
80,77
17,43
88,70
68,25
30,42
59,16
63,92
53,39
5,23
29,88
43,98
13,74
66,89
16,43
55,75
78,19
45,25
61,63
29,67
49,48
46,2
97,68
33,48
35,34
4,75
27,15
41,54
50,38
47,94
73,68
51,94
90,82
62,73
94,78
98,66
61,9
37,44
56,5
15,90
87,62
46,9
47,18
97,25
42,16
64,86
19,18
86,78
20,47
77,20
38,65
57,43
21,97
34,78
75,53
45,48
4,51
57,48
57,46
18,28
31,94
93,38
59,7
95,10
1,52
10,59
3,46
56,44
26,86
46,64
25,12
10,47
15,58
45,61
85,50
49,0
43,49
90,46
56,97
42,14
83,56
43,51
89,95
26,52
66,34
3,65
42,19
43,37
52,42
99,13
80,77
80,42
4,90
66,81
84,20
88,74
14,83
48,89
51,24
61,83
44,65
63,30
22,17
33,46
14,5
52,4
90,31
33,57
70,45
86,90
84,10
59,43
1,83
46,6
85,56
50,56
56,82
98,82
85,84
60,68
59,43
98,52
52,67
13,0
50,7
92,80
54,14
38,49
11,22
67,25
13,43
12,74
73,25
84,75
41,7
56,30
5,47
92,12
52,15
29,22
76,20
17,4
45,46
16,87
43,89
61,8
3,27
6,54
49,16
14,32
20,18
4,90
44,53
3,93
24,33
14,1
78,77
85,86
19,58
11,5
87,81
62,83
14,58
60,82
54,42
92,65
19,10
34,87
21,61
2,69
44,94
68,44
97,46
35,21
15,25
63,85
74,49
32,44
86,49
60,60
86,38
42,22
99,53
56,96
69,70
67,38
90,63
93,42
30,59
22,53
25,26
52,21
65,20
98,77
27,57
26,43
60,2
56,56
58,29
41,27
57,94
71,51
2,40
82,15
26,35
71,97
87,38
73,60
73,75
76,22
15,89
0,61
64,96
19,45
23,30
44,92
35,19
61,23
87,89
51,85
63,32
6,56
52,44
33,68
0,41
82,66
93,70
46,83
42,3
92,43
29,51
66,15
13,81
9,15
47,76
19,87
66,55
46,78
34,56
32,20
33,4
96,87
90,35
8,66
80,79
86,64
80,54
64,39
7,65
63,20
63,34
12,40
53,44
71,5
31,37
92,81
20,37
32,56
67,61
68,40
99,53
39,74
33,66
23,91
33,75
71,93
37,19
2,1
26,61
18,22
74,53
66,23
1,13
90,53
18,87
41,2
38,87
69,67
12,89
70,85
64,16
28,28
14,90
59,15
71,23
10,79
84,97
50,84
25,91
16,18
76,10
54,90
54,41
20,66
80,91
37,78
59,77
14,64
97,69
37,6
93,88
46,21
50,8
41,90
24,64
63,22
99,72
69,96
75,82
99,45
91,40
68,19
14,37
27,67
1,40
49,43
27,49
77,41
84,60
33,41
85,93
76,91
90,83
86,92
19,55
19,99
67,28
56,62
46,83
39,76
50,41
63,7
42,63
26,9
99,25
20,83
22,89
58,97
71,84
25,14
57,66
23,74
87,51
41,28
74,19
3,97
92,94
1,71
10,43
94,26
30,31
12,65
71,54
64,27
73,0
60,80
71,1
40,25
65,91
23,43
45,98
76,52
24,86
87,65
69,9
71,22
20,40
52,71
69,38
88,51
88,74
64,75
40,28
2,65
91,12
59,43
82,30
94,85
69,5
3,14
51,91
68,46
95,76
4,32
4,42
56,50
98,6
3,85
77,78
62,26
84,31
77,11
23,2
10,97
34,31
0,88
85,63
55,89
19,68
94,12
41,2
97,4
44,64
83,0
63,53
0,93
86,8
24,85
16,65
52,74
12,66
30,32
77,85
0,47
30,74
68,26
50,73
97,69
75,47
85,64
14,15
44,20
95,84
2,33
66,97
68,47
92,39
86,73
25,38
81,78
51,20
54,1
91,83
53,71
61,99
94,90
87,82
88,62
36,51
30,67
88,58
0,39
58,11
15,57
42,18
99,33
93,21
50,73
72,67
57,15
84,74
4,92
6,67
32,29
94,19
26,29
14,50
30,78
24,66
86,0
73,32
25,65
39,36
37,84
93,68
59,95
10,3
13,1
65,96
29,33
56,21
71,39
32,35
24,29
86,70
97,82
1,53
56,33
32,13
38,68
96,90
63,70
60,26
77,44
23,41
25,89
29,66
60,43
96,47
93,30
49,48
96,71
25,73
46,38
76,96
97,0
64,98
12,61
92,6
10,45
47,17
12,13
3,35
79,40
14,96
32,72
58,95
21,4
45,74
24,25
18,37
8,28
37,54
65,33
67,59
4,16
47,19
13,16
36,34
33,38
72,94
24,62
39,6
32,74
62,56
90,2
42,70
51,14
4,78
38,63
74,35
19,9
77,50
48,37
93,3
17,57
65,20
44,94
0,46
64,67
67,76
75,75
27,98
46,22
58,17
74,44
26,64
47,21
79,90
31,68
60,1
9,26
99,34
47,4
43,58
93,37
3,0
70,95
14,86
73,57
85,66
1,90
54,97
0,7
32,30
40,48
87,73
85,22
22,67
67,75
36,52
59,87
68,47
81,78
7,94
57,78
47,50
45,14
79,48
9,70
54,37
56,86
4,81
96,39
28,37
1,84
51,27
34,48
40,46
8,48
37,93
86,53
14,3
70,24
91,86
48,19
20,49
13,28
99,84
24,17
52,72
81,85
78,84
23,2
11,20
0,73
17,85
68,56
84,31
80,64
88,7
31,80
7,99
11,22
77,74
2,8
67,0
78,94
8,80
57,85
73,34
98,22
59,77
77,94
85,37
87,23
69,63
39,41
28,91
31,27
60,23
3,33
50,5
64,56
5,63
15,30
64,73
62,5
22,37
57,62
42,49
8,83
49,29
53,37
81,15
69,81
59,54
52,90
32,71
43,93
86,39
74,21
47,63
62,90
91,44
91,72
57,56
38,71
12,47
57,6
97,83
28,59
69,73
33,43
65,5
90,94
35,92
98,13
4,18
84,26
35,56
69,69
3,77
88,87
95,15
55,86
12,99
11,26
65,92
94,48
47,34
24,57
55,14
34,55
2,0
55,84
92,58
0,38
62,1
6,50
61,39
60,19
35,38
51,26
32,18
43,10
73,77
32,17
1,55
66,73
32,92
60,77
72,98
8,14
36,92
54,20
55,71
12,45
74,70
76,3
78,24
14,1
74,5
41,96
68,51
26,11
60,77
57,24
2,2
49,43
16,93
69,7
35,81
46,87
35,8
10,68
18,75
16,3
16,66
55,55
28,61
21,36
38,44
91,26
50,21
35,35
41,3
99,28
87,51
14,71
10,89
79,70
39,93
81,37
63,61
71,55
79,93
67,78
17,13
32,70
66,17
43,52
46,29
97,18
36,52
64,88
46,81
45,87
45,20
20,94
67,19
28,61
90,10
51,66
76,50
85,83
4,96
35,27
56,83
34,44
91,40
15,5
21,66
35,83
56,20
68,97
97,8
47,78
29,37
58,61
91,27
14,83
40,5
1,13
95,38
76,89
70,10
29,74
36,21
78,29
13,49
87,54
97,92
87,82
36,61
79,5
33,9
69,68
88,18
72,31
18,97
56,50
61,3
18,79
83,6
78,74
51,91
76,52
34,42
53,32
54,2
0,74
88,45
68,6
37,69
11,26
70,59
21,34
39,52
56,33
57,92
21,58
5,17
31,67
83,55
91,87
54,0
44,76
51,18
47,39
95,38
19,97
83,1
10,22
29,46
40,36
59,68
40,44
25,95
27,97
94,41
70,15
37,51
84,82
39,86
72,80
88,54
66,61
29,92
21,59
84,68
69,63
7,35
99,5
16,13
54,83
17,41
11,65
96,5
77,45
86,72
88,95
19,72
11,57
49,4
96,78
12,65
61,57
24,33
22,43
17,52
47,57
71,88
96,75
10,99
24,94
31,48
25,93
61,79
69,71
55,9
25,93
58,68
60,97
59,38
46,93
5,62
13,4
16,24
91,48
57,76
55,5
76,98
54,26
51,19
32,13
61,45
8,95
56,76
7,32
58,47
73,35
97,60
46,22
88,40
79,78
41,28
36,84
7,92
9,19
80,30
31,95
81,8
85,67
52,36
27,9
82,48
1,79
61,68
52,67
62,26
93,28
12,59
36,46
72,79
14,69
68,41
0,95
39,10
71,83
36,18
30,86
58,15
81,88
72,70
10,94
92,47
17,36
67,3
38,7
95,64
47,79
44,98
8,40
84,6
38,52
2,45
17,83
57,68
48,37
12,3
42,39
70,46
26,25
62,99
58,99
66,67
76,26
24,97
77,25
5,76
52,1
90,47
76,37
54,23
5,73
65,81
97,16
60,84
53,17
35,32
13,14
23,98
78,24
10,6
86,79
86,21
5,27
75,61
94,43
87,0
23,54
56,67
62,96
49,52
83,46
89,75
61,68
15,75
63,93
46,80
89,75
53,61
36,6
77,11
83,88
38,83
13,41
31,36
13,5
97,75
18,55
72,64
59,7
64,8
71,73
48,12
94,6
29,75
91,50
38,60
9,59
90,18
9,75
34,6
8,6
71,16
95,74
72,7
48,23
13,60
58,13
29,73
23,52
14,25
31,73
34,67
88,14
8,96
45,56
47,66
88,10
93,88
38,4
54,13
97,28
44,71
22,44
3,23
44,1
67,48
38,57
57,58
74,42
96,47
1,30
1,0
38,56
49,44
87,18
27,0
87,92
50,46
68,22
2,86
75,99
4,65
88,36
59,29
0,0
9,81
64,96
78,7
48,18
98,5
76,72
45,39
65,49
59,86
25,38
33,82
66,12
96,44
39,66
60,33
39,61
29,52
25,24
70,39
35,39
40,9
28,13
82,95
82,57
43,27
83,97
42,66
84,17
29,17
80,33
61,81
62,29
23,23
75,26
4,9
46,72
52,78
30,92
37,12
96,99
75,56
53,9
98,66
24,22
15,21
29,42
63,88
33,95
84,80
63,65
66,37
85,59
70,36
50,41
57,95
39,33
33,7
48,96
22,62
9,12
32,92
13,86
2,92
39,73
1,70
64,54
43,58
25,74
8,13
30,78
15,40
7,90
69,35
95,20
4,82
56,89
48,83
18,70
70,51
24,93
39,67
57,33
3,42
58,6
53,57
55,13
3,50
29,27
56,74
22,10
6,40
60,95
65,55
27,65
95,60
95,89
95,24
4,16
37,88
19,58
23,57
71,61
1,34
12,84
22,65
59,58
10,81
98,97
75,90
81,87
32,74
76,8
94,76
91,20
25,26
74,15
97,3
59,52
71,18
80,77
30,31
11,92
20,2
19,27
59,95
27,16
74,40
79,3
94,64
77,10
50,72
8,14
5,77
85,58
93,40
84,34
79,90
39,46
18,49
76,67
51,20
4,56
21,62
29,35
16,34
21,32
61,28
28,54
44,41
63,54
35,40
23,85
36,9
7,71
42,62
23,62
89,71
60,1
41,47
29,18
62,94
34,48
84,97
69,36
90,45
83,18
83,43
22,67
75,96
12,78
46,9
24,16
55,30
17,1
99,97
21,85
11,75
82,62
64,33
67,27
14,69
75,24
28,17
21,54
16,94
66,48
28,56
82,14
85,8
63,12
15,72
67,61
76,84
65,11
77,73
56,27
5,73
56,82
98,12
27,63
8,17
95,35
56,89
70,70
26,66
82,0
57,14
96,44
13,91
1,50
99,44
22,95
71,15
29,64
48,58
33,78
19,7
7,87
19,90
91,30
9,17
20,66
72,11
38,11
64,67
13,22
18,50
54,72
36,34
38,28
4,42
58,66
21,56
5,83
17,15
80,34
28,21
32,76
3,40
83,95
52,95
86,35
70,18
78,32
39,14
27,90
27,75
26,26
79,77
62,67
53,67
15,14
73,84
12,26
91,16
84,70
73,1
13,37
75,72
54,26
79,24
80,51
44,44
99,52
8,56
86,4
53,15
20,99
33,40
51,77
44,33
2,33
11,8
85,60
42,22
76,0
5,96
1,24
34,6
34,74
33,37
9,54
73,84
54,68
44,35
18,2
54,97
97,11
55,64
66,18
16,4
70,99
43,11
18,42
24,39
43,35
80,8
67,30
44,46
28,76
80,33
80,77
61,83
58,12
81,70
27,87
52,38
69,82
64,15
52,90
10,92
10,99
44,38
12,73
35,51
4,99
98,52
95,7
40,99
81,36
74,38
93,38
75,98
22,63
57,77
74,56
59,76
92,81
34,70
43,32
7,23
6,90
4,70
0,41
28,92
39,46
18,41
88,35
89,88
30,25
50,31
66,0
64,49
70,30
39,23
84,54
80,82
67,17
56,47
49,63
39,43
42,83
58,7
24,67
50,35
85,75
39,94
83,12
62,23
86,73
27,34
22,62
9,24
70,24
68,96
18,30
59,21
27,53
73,36
3,18
62,89
33,73
8,75
67,80
74,84
48,33
54,63
40,57
81,37
24,94
73,24
93,67
28,94
47,0
84,34
0,95
59,50
93,2
53,17
73,45
12,56
13,40
65,60
35,55
8,43
8,43
12,14
12,8
47,37
52,18
1,24
63,76
62,6
54,12
39,51
35,81
32,84
35,14
12,44
82,5
85,78
62,67
83,44
19,25
49,89
48,23
97,47
53,78
67,51
19,76
24,47
45,0
13,87
13,46
54,64
3,55
13,62
77,91
16,35
69,72
13,36
14,82
83,64
20,18
46,74
27,80
19,80
20,73
23,34
50,22
73,95
1,74
34,80
93,15
92,79
98,57
28,24
10,7
78,78
86,30
74,2
5,2
85,34
44,97
25,35
35,88
2,77
9,38
62,26
72,94
8,44
64,24
35,64
79,5
87,82
40,19
35,12
13,75
47,90
24,7
16,41
74,30
2,2
97,20
7,30
87,6
39,2
8,82
33,11
7,70
34,8
94,61
13,12
86,57
99,22
58,39
30,28
62,36
25,67
89,13
11,12
23,90
28,57
21,25
20,12
4,59
0,30
73,2
40,89
10,48
75,68
95,87
98,85
77,31
79,87
94,69
17,33
72,36
36,72
82,32
10,94
19,46
7,75
82,21
49,33
76,3
21,31
2,0
27,77
38,72
13,55
64,24
25,16
98,57
0,39
49,31
14,95
92,14
30,97
1,45
6,39
67,74
88,6
17,89
96,57
97,68
92,16
77,97
91,37
0,63
70,79
15,55
1,32
12,53
35,24
61,57
86,63
56,61
59,75
89,17
68,66
77,2
6,39
90,33
66,39
97,11
18,37
12,63
51,61
50,24
52,7
57,58
30,50
31,95
22,35
94,57
47,31
96,59
7,98
74,55
47,78
87,21
57,29
69,41
48,68
19,33
10,12
23,93
27,10
93,45
16,74
20,94
81,82
50,95
3,40
23,92
4,3
36,24
76,97
79,37
0,36
57,98
96,12
52,13
87,62
45,10
30,26
72,73
41,44
43,12
33,98
13,26
62,91
30,38
96,39
71,85
72,84
11,48
45,31
50,42
12,32
80,77
52,86
34,31
14,30
9,12
58,94
8,96
81,1
48,5
99,22
30,30
55,39
71,64
41,90
16,53
34,27
79,97
79,54
92,60
43,88
78,60
49,34
35,33
13,77
69,34
32,93
88,69
11,29
68,2
4,17
10,61
59,61
43,26
76,60
54,90
21,41
19,96
78,92
93,34
40,89
94,95
71,26
83,87
76,28
73,43
64,58
75,4
6,26
8,30
44,51
41,80
57,49
90,66
14,12
82,87
70,89
51,28
23,46
48,79
82,58
29,56
22,90
9,91
57,48
57,24
22,98
93,96
83,95
41,36
25,83
18,12
2,91
25,69
78,85
56,17
51,4
20,85
89,56
58,8
8,24
64,20
15,49
44,65
63,62
92,28
20,4
67,79
8,82
17,33
92,69
46,91
23,88
50,7
46,45
78,41
24,17
23,87
10,66
64,44
47,72
35,84
57,88
43,94
46,4
1,35
76,37
21,83
94,66
30,45
32,89
42,73
3,32
14,51
78,35
28,19
49,5
6,29
31,9
33,67
45,29
60,69
58,31
42,19
2,6
24,69
21,42
3,88
67,69
90,96
12,57
62,55
48,44
45,98
46,51
37,77
80,50
80,87
24,60
99,39
65,57
11,80
50,8
80,23
7,76
40,34
88,87
5,95
85,40
6,71
54,55
17,39
76,2
66,86
39,21
46,62
92,30
61,69
26,70
97,57
72,87
93,96
52,18
67,85
15,63
53,37
76,22
78,46
51,99
49,12
42,39
94,1
71,98
47,18
50,28
70,30
35,74
27,82
22,81
93,2
39,40
76,34
54,30
58,11
0,73
94,16
49,74
23,75
69,14
78,81
92,31
90,77
79,10
2,53
11,88
46,51
18,42
55,96
62,25
50,73
12,80
33,68
45,13
97,18
77,61
30,52
49,17
98,13
6,28
70,20
44,40
5,29
54,89
91,27
29,38
92,8
73,16
71,2
78,50
2,60
4,41
91,11
36,30
88,30
20,68
52,72
41,2
37,84
57,15
74,44
5,5
59,74
28,13
95,6
97,37
2,55
16,32
23,31
70,46
58,87
81,1
64,48
22,50
82,32
63,77
79,57
96,71
77,35
46,39
3,0
23,92
64,75
93,57
93,83
5,73
10,67
56,43
75,22
77,75
2,57
50,76
78,55
59,52
29,71
99,99
53,14
59,92
24,6
41,54
52,38
57,3
5,3
4,67
94,96
62,91
61,7
56,9
1,80
1,35
81,72
75,52
2,9
44,40
16,75
87,33
73,70
11,2
25,15
78,43
59,77
56,35
77,54
83,39
26,7
59,66
58,95
53,79
47,19
78,42
95,51
92,73
83,79
31,90
57,99
23,72
2,18
37,65
95,46
10,32
36,28
17,53
38,39
69,34
1,31
43,73
22,74
84,30
33,39
72,55
26,35
86,31
75,91
11,86
88,13
98,29
12,68
16,14
79,54
62,92
37,98
56,45
1,35
82,24
16,52
30,74
96,52
96,26
15,88
46,70
6,90
80,98
2,29
59,57
34,69
70,69
93,41
81,95
87,9
94,53
84,21
91,6
93,54
85,51
86,33
23,71
41,29
68,42
26,91
88,60
96,22
80,7
20,83
92,36
57,16
15,24
14,68
3,81
99,20
93,83
56,95
84,23
99,22
98,0
6,87
27,43
96,88
7,35
7,38
6,66
89,33
80,90
92,74
52,21
16,1
87,49
40,12
83,40
94,76
79,39
68,74
56,76
35,2
48,10
44,30
58,59
6,50
36,14
53,63
92,71
27,31
23,58
92,33
92,42
50,92
7,77
24,42
59,45
68,25
88,3
76,14
1,67
96,9
32,20
58,61
91,52
78,27
6,88
58,27
64,49
62,45
20,56
47,91
35,48
76,53
66,1
37,76
63,44
50,10
14,84
2,74
76,71
44,81
91,48
18,38
48,51
55,96
70,38
70,15
41,47
86,65
19,45
72,92
60,6
34,9
33,27
89,6
83,31
8,65
92,61
64,86
97,17
87,68
53,48
37,63
99,98
23,54
20,9
79,60
53,63
4,87
17,46
3,18
28,83
10,91
21,58
91,45
86,68
81,82
5,0
10,49
53,38
44,78
27,32
8,69
30,32
10,88
96,42
21,11
12,8
84,79
83,90
2,30
56,93
87,26
57,17
88,9
40,49
66,6
43,94
21,59
65,69
78,65
69,65
3,47
77,59
79,95
68,74
26,76
74,38
30,32
54,30
74,87
80,85
30,5
76,66
40,78
65,60
14,14
9,79
55,14
33,39
71,32
67,49
20,31
82,39
24,21
50,7
76,70
81,0
86,26
11,69
76,45
35,24
32,3
89,21
6,86
48,87
13,3
42,28
92,16
24,4
34,2
61,26
68,92
35,21
1,74
40,4
87,77
7,7
8,79
30,56
20,12
85,30
16,92
3,5
11,7
25,23
41,21
33,75
41,23
89,99
56,95
40,15
9,64
74,8
32,71
10,55
85,23
73,55
46,65
0,57
62,94
7,58
69,81
3,42
38,9
14,78
57,49
40,66
50,91
96,27
93,46
74,14
21,18
50,76
99,20
35,15
70,81
81,17
40,63
27,33
95,11
74,67
7,6
8,84
13,4
68,76
85,69
16,79
34,49
61,81
82,97
23,96
86,18
54,45
64,58
62,88
77,96
80,70
60,38
31,54
27,30
7,94
69,7
1,87
55,4
88,76
60,98
46,16
96,97
57,27
66,91
88,33
58,39
53,13
25,16
20,97
99,32
89,23
59,81
27,93
28,54
55,24
82,47
53,11
65,21
61,39
49,94
41,90
11,61
36,31
3,25
69,24
11,91
15,9
74,57
25,38
77,46
84,51
88,71
37,71
15,22
91,49
63,2
9,50
33,35
50,49
48,77
56,53
46,95
57,55
51,64
96,91
57,16
63,74
81,58
32,74
93,5
65,61
66,76
6,69
0,64
96,50
18,46
20,53
85,23
42,88
20,76
36,13
86,76
74,78
36,87
54,46
89,9
36,53
80,73
57,76
79,2
79,18
41,26
67,55
18,63
58,39
69,13
55,58
93,24
85,20
53,64
72,24
24,30
40,97
83,66
6,88
88,77
26,86
88,39
89,8
7,18
98,2
17,45
30,11
99,69
83,65
32,52
78,1
67,70
37,53
74,16
54,11
21,39
89,21
90,72
3,81
61,93
81,11
26,94
23,0
60,60
43,93
57,99
21,50
98,63
99,0
36,17
73,56
64,16
88,31
90,29
95,83
95,18
9,4
80,0
81,89
98,84
55,15
24,21
22,23
10,31
27,10
56,29
23,60
11,97
99,41
13,31
99,1
24,32
73,75
10,91
18,24
1,48
22,10
69,4
42,16
73,33
94,57
24,27
0,90
45,73
89,80
84,82
55,17
83,29
92,5
51,10
0,13
60,24
30,23
78,77
78,41
2,98
32,94
67,43
48,82
33,1
16,41
54,6
98,39
40,31
90,96
94,6
9,63
1,92
20,35
28,24
0,82
52,23
77,19
2,24
80,49
6,44
90,85
35,13
11,43
3,58
3,33
93,46
82,45
76,96
68,80
11,36
45,6
93,4
86,59
42,51
88,28
42,68
29,71
70,15
52,3
35,12
51,13
14,49
8,58
25,42
75,54
48,58
12,76
26,73
33,40
61,29
80,51
19,24
83,40
82,22
34,7
99,96
79,95
44,51
55,71
50,10
93,87
46,5
96,97
53,18
78,3
71,86
92,89
87,64
39,49
75,28
71,13
2,88
90,42
39,58
78,61
49,20
75,5
47,13
58,81
91,13
56,52
46,79
49,61
49,94
33,24
89,79
40,40
95,81
5,60
47,80
10,56
68,21
90,30
93,65
10,10
65,87
28,25
93,29
61,84
44,0
32,18
59,9
88,62
4,92
36,76
12,54
78,7
10,67
69,82
43,66
52,8
59,23
6,55
91,78
88,7
39,45
31,98
57,81
51,13
11,15
3,25
66,45
91,96
52,17
57,32
94,84
18,66
2,84
52,47
43,55
3,44
72,9
18,3
96,35
4,34
24,71
8,41
17,84
68,81
11,64
19,78
94,92
29,95
73,63
43,59
35,81
12,35
10,8
54,72
89,50
83,90
65,97
42,70
96,54
85,40
53,24
87,71
74,67
35,93
4,27
17,27
35,84
76,22
18,11
80,72
72,22
4,40
5,33
6,36
78,74
71,37
68,64
96,97
4,23
45,50
35,92
34,45
19,10
90,63
58,95
5,58
72,79
77,97
67,90
45,98
63,85
24,7
43,85
62,96
93,57
43,16
54,49
53,42
53,70
18,27
50,35
59,75
89,2
70,78
28,24
45,71
26,66
70,86
21,93
83,86
3,32
49,33
25,9
68,34
55,38
16,69
32,33
79,71
78,48
43,44
84,94
89,8
33,90
61,70
36,50
71,21
27,82
99,15
69,1
16,24
96,43
7,79
16,83
55,56
35,75
1,2
44,80
69,97
48,47
72,15
34,36
32,44
23,65
18,90
37,93
93,95
10,98
61,61
8,75
62,73
82,50
36,30
11,44
13,29
11,57
54,67
26,49
58,97
65,91
24,67
88,92
59,74
31,23
13,55
15,54
96,8
65,84
81,33
32,9
17,25
12,44
15,98
9,52
77,65
6,37
12,94
40,40
11,48
22,12
12,24
44,44
14,31
44,80
62,31
95,26
65,92
52,3
86,92
79,61
70,36
80,81
73,65
37,6
1,65
37,41
1,88
31,58
10,87
20,97
95,27
61,86
30,83
22,71
3,29
16,12
84,19
55,38
98,36
89,86
26,38
60,62
64,24
74,23
65,38
10,49
59,31
89,58
41,40
1,16
21,17
38,82
11,29
81,45
73,33
53,73
91,0
35,96
91,1
94,93
56,19
97,71
56,80
79,66
14,41
95,46
34,18
19,79
37,89
5,12
45,15
74,97
88,60
47,73
22,73
3,26
36,23
94,13
94,82
97,35
15,1
46,82
50,23
97,43
95,36
38,32
57,22
53,93
2,99
15,94
30,85
81,89
7,16
33,36
81,19
8,24
56,80
78,48
26,83
6,90
61,89
54,84
62,9
57,4
66,79
36,5
82,93
88,14
44,43
41,86
21,29
19,5
55,40
70,15
63,68
21,5
11,79
93,58
23,63
3,30
88,9
15,29
9,60
52,22
10,86
49,25
87,67
84,22
18,24
98,4
31,90
48,35
24,18
86,93
5,1
89,40
56,37
10,38
52,19
92,97
88,39
47,25
12,77
43,36
97,98
23,29
53,90
44,16
5,28
63,62
45,32
87,0
14,45
29,46
88,1
98,10
82,0
31,76
23,77
51,88
83,48
52,20
93,87
84,56
89,36
3,61
34,22
76,30
43,52
48,40
69,17
66,2
2,84
45,34
2,8
27,86
12,82
48,47
45,11
6,77
14,22
1,45
41,13
45,70
28,62
21,11
75,1
75,32
44,80
96,59
38,54
69,88
8,27
48,98
89,88
85,18
55,14
77,53
40,7
23,36
63,23
87,70
54,67
47,11
70,76
77,64
14,25
71,47
79,92
51,81
2,28
47,72
0,81
93,53
43,94
28,90
26,57
57,97
68,29
98,67
5,19
55,45
13,36
71,80
33,12
3,87
50,59
83,45
76,76
85,94
55,59
53,1
76,59
1,2
94,70
73,5
97,68
91,64
51,52
23,25
84,44
34,17
93,81
53,44
95,6
7,25
58,50
81,72
75,17
58,89
81,69
84,28
90,95
49,48
51,51
46,86
9,43
91,7
70,84
19,99
74,3
33,21
79,40
62,14
37,97
23,4
24,25
24,29
91,29
57,9
31,59
6,26
37,52
29,99
29,69
94,56
46,44
29,3
87,87
61,93
61,82
69,13
91,53
13,22
0,82
77,67
85,12
9,9
84,73
83,92
3,88
54,63
78,28
38,78
96,90
65,95
75,95
19,11
61,48
10,63
49,10
58,72
20,71
84,42
38,64
49,63
15,98
96,41
50,21
19,75
92,6
72,18
70,52
28,63
16,87
92,90
41,74
6,75
43,54
31,82
90,85
94,1
50,1
25,17
25,33
45,60
86,19
62,43
65,85
25,75
16,54
65,46
43,11
24,30
46,37
77,44
92,63
75,60
78,34
4,87
34,97
69,72
71,68
13,81
12,62
68,17
42,83
19,76
86,3
18,94
35,53
16,73
47,13
56,95
13,48
69,60
74,67
79,0
53,93
18,40
34,37
96,68
7,66
38,65
50,32
91,79
99,56
94,80
22,92
67,22
60,55
27,74
41,23
34,48
8,78
7,86
68,49
32,14
65,71
71,70
3,97
61,49
66,93
84,17
74,43
14,7
76,57
23,66
21,40
47,80
3,22
35,20
58,85
5,92
4,78
29,39
6,70
15,86
79,84
24,52
22,42
8,86
80,82
85,19
89,18
16,72
65,56
45,40
43,27
29,85
67,73
31,41
96,44
79,24
34,82
22,91
53,94
70,85
41,84
69,27
20,60
78,75
84,7
92,6
48,47
3,96
71,56
65,60
54,17
9,73
24,76
69,94
41,72
2,55
35,37
14,0
94,31
75,93
77,27
86,5
69,47
71,46
90,99
74,53
46,51
90,34
78,4
3,64
44,57
64,86
48,27
26,72
50,10
49,93
70,31
64,60
19,68
70,20
4,42
14,93
60,6
47,84
80,45
44,51
64,84
83,90
15,91
16,50
75,98
33,90
97,34
4,26
67,33
71,29
36,11
46,54
57,96
71,26
4,26
24,5
94,7
86,15
31,90
7,68
89,7
0,30
87,5
60,0
51,16
0,58
15,84
41,66
19,99
26,97
97,7
87,15
80,14
23,49
42,69
51,46
76,45
16,10
55,49
96,1
33,29
12,79
81,82
73,76
21,23
59,93
44,12
17,45
74,16
44,31
56,13
26,68
4,93
74,80
43,91
32,70
89,4
78,99
59,99
28,59
88,5
38,23
11,64
11,88
22,9
67,98
6,93
55,82
14,44
29,44
48,87
94,19
81,22
81,87
90,10
64,28
61,93
60,30
29,8
74,11
83,98
5,45
96,83
27,38
20,71
73,82
27,0
85,39
37,44
41,36
93,21
33,77
32,14
85,17
85,0
32,29
89,93
45,53
87,39
18,30
41,0
81,6
49,9
58,62
52,43
67,26
43,34
24,67
11,20
87,1
28,31
48,70
32,78
37,33
78,2
17,79
65,70
32,50
52,89
50,50
95,81
67,80
84,27
6,68
22,24
95,20
69,29
81,44
70,98
94,29
27,48
95,28
20,89
5,66
14,97
61,77
61,52
5,77
60,94
65,43
30,96
99,11
35,78
54,10
34,53
9,57
5,76
2,85
73,36
63,55
18,30
80,9
42,1
57,63
58,3
24,97
98,86
27,0
2,6
52,34
21,72
13,20
94,78
31,59
96,77
29,89
51,85
20,74
14,58
14,21
46,43
0,97
47,23
64,79
44,2
20,27
13,34
71,30
90,35
69,96
18,36
72,14
8,81
7,35
98,14
0,50
7,94
2,91
13,88
10,31
28,27
80,83
92,30
58,42
65,55
59,42
4,59
88,63
33,27
9,77
98,15
91,11
92,3
53,99
7,86
28,61
31,9
10,42
21,37
45,57
45,93
78,31
60,91
91,64
79,29
30,35
29,69
43,47
50,56
78,67
75,28
63,93
94,80
49,54
22,95
70,88
98,94
50,66
81,6
83,62
5,5
41,74
5,36
5,25
43,2
52,24
14,44
53,3
1,60
21,10
2,61
77,96
70,10
89,1
61,95
42,65
61,56
38,57
93,13
78,59
71,98
41,37
89,31
42,63
3,25
83,45
84,35
38,54
17,38
24,3
3,41
83,58
78,5
3,0
66,5
3,9
20,4
94,10
54,69
84,77
77,9
99,15
65,19
49,27
28,45
45,83
88,66
40,55
20,31
9,98
93,37
42,93
75,38
82,42
57,78
71,42
95,85
24,72
87,10
82,60
56,46
42,57
22,26
35,97
31,70
28,86
95,70
15,4
50,43
67,42
94,54
51,10
57,99
79,81
94,55
10,75
2,85
42,91
6,71
30,58
55,34
33,16
16,86
62,72
37,78
4,6
7,4
80,45
57,59
53,89
2,78
79,12
64,8
40,98
65,79
27,86
52,16
4,80
7,74
53,22
56,16
86,28
33,48
52,52
94,5
91,49
46,57
31,89
22,4
43,25
48,6
86,85
11,96
33,96
38,18
6,41
95,98
28,12
40,52
58,23
51,67
28,53
14,10
76,0
88,19
44,63
31,80
56,4
13,29
82,39
82,95
28,6
27,53
43,49
58,49
41,88
31,85
85,58
18,91
56,58
32,55
74,21
73,27
56,52
66,46
87,71
90,5
96,96
71,35
55,23
54,21
6,79
6,61
47,31
73,7
93,96
44,7
19,96
79,27
99,99
98,51
65,68
95,0
55,47
26,52
7,34
26,40
31,47
3,95
71,66
12,45
25,74
0,48
14,89
9,22
90,61
14,3
65,39
74,60
28,12
3,73
39,85
80,33
93,8
45,79
6,1
60,7
11,72
25,29
77,43
19,14
24,35
74,71
36,73
45,23
97,58
65,73
13,28
57,55
36,26
66,23
49,59
26,75
52,70
56,15
64,75
39,75
28,28
98,71
69,74
56,21
89,71
87,96
76,98
32,39
18,98
43,33
90,50
86,64
96,59
57,5
50,92
31,33
60,15
8,27
51,5
78,74
22,98
47,39
40,63
23,85
53,28
76,55
62,80
13,59
70,39
56,50
72,22
1,88
18,1
44,30
45,85
2,64
7,15
30,11
62,39
61,34
2,38
4,83
88,75
87,7
96,11
30,65
27,47
14,89
62,90
0,74
7,31
26,94
60,43
17,32
98,37
76,47
87,67
73,11
13,79
95,14
37,15
50,84
63,65
55,0
70,66
59,70
47,28
8,93
21,73
34,64
53,97
73,69
76,35
10,42
4,53
19,94
56,72
49,70
16,12
10,29
68,42
56,49
80,95
86,67
54,65
24,5
33,54
41,67
16,85
42,58
65,73
36,64
89,43
54,30
25,62
83,88
86,26
63,39
75,80
94,67
98,30
58,27
91,1
5,6
65,54
90,84
2,96
42,58
82,19
44,48
12,31
38,97
75,86
58,26
17,46
86,6
3,31
43,29
4,19
87,98
28,97
60,38
41,64
45,81
93,83
83,61
77,96
98,62
68,61
89,77
85,15
78,21
27,87
19,26
87,42
42,13
85,84
83,35
77,16
36,67
19,52
72,23
45,83
71,72
65,76
74,7
55,62
73,46
41,78
35,95
35,90
44,95
98,79
2,95
86,32
62,66
20,66
71,65
2,45
98,96
62,99
70,88
16,81
24,29
26,57
45,79
85,16
76,30
1,8
2,62
10,9
4,62
17,36
50,15
20,4
71,99
1,41
41,79
1,58
92,75
29,37
25,72
97,94
45,5
45,82
44,37
75,93
75,19
79,59
70,72
73,25
60,36
84,37
0,67
91,41
70,44
67,61
49,33
75,59
84,89
0,69
58,4
44,8
13,89
54,45
39,11
83,55
17,20
15,82
63,13
48,4
24,11
89,54
46,14
3,77
54,42
55,67
26,50
83,36
5,7
45,16
76,8
53,72
76,55
10,2
24,51
21,28
21,11
95,76
64,33
86,14
29,96
34,20
2,72
48,64
23,67
39,19
97,80
99,45
78,31
6,74
81,53
27,72
16,54
47,51
98,35
83,69
11,6
89,51
93,56
49,56
76,49
23,76
60,40
82,58
31,8
58,90
31,23
71,41
68,22
84,15
58,43
61,33
27,37
9,62
66,34
63,49
19,91
86,18
57,29
25,27
39,50
4,91
7,68
38,63
47,21
59,42
45,65
31,47
34,84
90,87
73,45
19,71
31,51
85,39
29,28
49,14
18,68
61,45
81,36
15,84
64,48
76,89
37,97
79,80
28,11
82,55
58,3
54,21
78,30
80,58
40,96
52,78
38,49
82,36
22,42
9,47
60,37
59,82
69,89
42,92
72,55
42,3
20,8
92,23
93,41
26,11
55,55
57,17
48,88
20,40
4,43
95,56
82,30
71,28
17,66
34,70
78,97
93,13
66,98
84,54
54,71
32,64
14,24
21,11
15,69
82,3
6,28
10,13
56,42
73,61
10,51
70,67
87,76
58,75
82,50
70,4
15,98
81,61
0,60
61,57
2,8
81,91
19,43
61,87
43,32
46,50
12,15
52,63
86,12
88,52
0,42
46,43
78,67
56,71
46,10
92,99
59,33
74,33
85,93
13,21
11,64
79,2
99,97
31,88
81,97
42,19
76,64
65,75
9,75
98,0
34,59
22,4
61,6
50,17
84,22
39,1
2,70
2,75
5,13
57,9
16,90
81,28
9,5
10,64
59,43
63,97
60,58
14,74
93,87
83,93
32,8
3,29
38,63
40,51
98,5
34,41
68,31
50,1
11,8
9,83
46,44
7,82
8,1
29,64
21,25
61,64
97,66
43,81
73,48
28,49
92,37
94,42
45,64
85,60
65,26
77,58
24,84
16,91
12,14
32,62
88,58
29,69
47,87
51,19
72,50
14,99
54,90
47,61
38,9
35,77
23,67
18,42
7,49
48,12
83,79
21,9
51,16
67,29
21,12
58,36
26,65
89,42
35,80
64,36
72,23
3,79
23,55
17,90
72,97
18,16
33,60
50,16
19,96
76,99
30,85
60,51
80,23
46,85
66,74
8,75
90,86
81,37
82,29
83,79
14,88
87,88
33,63
61,41
51,13
19,71
96,89
24,42
55,87
3,27
89,99
22,46
0,93
55,88
65,74
72,37
58,82
35,89
46,44
70,11
58,93
93,21
62,35
8,39
94,33
72,36
79,42
73,63
60,65
80,71
53,25
95,76
42,95
91,41
62,72
95,43
43,34
43,20
47,77
64,30
49,90
61,24
91,27
52,2
86,55
48,90
33,18
11,38
80,23
85,16
87,81
54,10
27,77
67,50
14,35
24,13
97,97
15,74
46,77
21,37
91,68
13,75
21,13
35,80
0,26
66,16
42,65
53,87
41,95
14,35
31,12
73,44
34,13
64,52
69,23
91,56
22,84
86,77
15,66
86,39
22,0
89,92
19,36
51,11
87,39
57,1
82,34
85,77
48,69
75,40
49,52
43,55
41,49
13,87
74,51
70,95
18,69
60,12
48,28
23,10
59,82
33,18
88,13
11,64
15,22
34,90
79,58
24,87
9,78
14,45
53,87
50,61
63,53
3,56
36,70
74,22
65,87
78,90
82,46
89,39
26,46
54,65
39,87
28,63
71,14
9,97
4,89
86,82
86,50
72,23
36,74
55,48
94,89
86,37
0,42
37,32
82,33
15,30
92,75
71,96
89,44
69,31
1,23
55,91
5,67
64,7
31,97
62,22
4,60
2,80
40,0
58,25
6,16
68,88
46,12
96,66
36,18
10,50
93,16
37,35
75,48
72,86
39,12
44,18
94,97
7,10
99,25
49,15
46,36
57,98
99,23
56,99
4,7
45,29
29,19
45,17
26,32
56,77
29,78
50,73
55,23
87,98
6,3
64,57
62,92
93,84
46,79
23,33
22,40
60,53
42,4
28,15
82,15
88,22
76,65
52,1
13,51
16,10
87,14
78,31
34,34
61,31
74,60
18,89
83,10
98,51
47,57
53,28
64,40
26,98
7,92
42,13
55,79
33,79
90,2
30,75
10,74
91,55
12,25
18,17
10,16
46,7
22,2
52,57
15,89
83,6
15,74
3,75
94,69
62,21
44,19
95,26
68,87
55,51
89,37
3,85
77,25
86,15
26,6
98,49
61,17
32,74
63,20
6,54
64,13
80,7
3,66
17,4
4,91
51,49
33,30
76,72
77,43
66,49
85,28
37,96
5,66
87,96
13,19
68,58
87,40
78,15
31,11
92,85
26,52
48,16
16,45
44,15
82,52
18,3
63,21
51,44
93,60
94,75
50,70
72,62
28,61
29,58
81,46
97,74
51,70
84,76
13,85
58,47
45,47
39,47
52,18
89,17
70,41
8,19
53,58
38,17
34,38
11,87
29,49
18,95
76,84
62,82
62,16
2,31
16,97
66,86
46,31
48,80
45,28
55,98
10,93
50,10
55,59
98,64
75,85
3,60
62,9
42,17
68,13
1,38
77,14
83,36
39,18
96,33
10,26
4,27
10,85
43,99
52,67
45,54
25,15
43,54
17,36
64,89
31,4
74,1
56,37
39,5
76,68
7,57
16,41
73,90
7,57
99,6
99,12
64,8
70,61
96,90
18,82
10,38
98,87
89,94
72,38
47,49
75,96
2,5
76,92
30,86
83,51
92,70
61,44
84,43
81,90
62,55
51,97
89,42
37,15
71,34
39,19
43,17
65,89
51,91
53,13
52,75
6,13
40,51
30,82
59,75
66,49
37,39
32,2
9,45
22,34
6,96
15,66
41,4
54,57
78,12
30,43
39,43
49,60
30,50
84,12
45,47
3,37
50,14
24,41
44,83
25,77
27,40
33,0
89,5
15,63
64,81
67,34
64,93
45,33
91,80
62,30
14,22
81,61
68,0
54,2
93,98
50,19
1,21
73,88
71,64
99,48
41,49
37,37
20,73
64,23
55,75
17,5
81,84
10,52
71,1
76,77
0,86
14,7
35,20
19,34
66,36
35,72
67,50
51,84
69,13
1,3
40,17
47,16
84,2
52,98
38,52
57,14
63,8
53,45
3,23
28,83
31,78
62,32
87,85
56,0
99,11
71,15
42,79
25,88
50,31
22,3
37,1
26,23
47,20
20,85
46,62
4,75
45,43
33,73
26,17
4,41
59,9
26,69
85,68
3,96
74,35
28,74
97,42
45,79
10,29
59,67
68,90
66,9
89,15
62,80
31,41
88,99
35,61
36,20
15,70
36,96
34,75
35,63
90,0
28,63
27,67
70,1
29,88
23,91
4,65
93,6
82,40
93,70
88,61
49,71
13,7
84,17
28,30
14,34
63,13
56,40
4,22
4,99
25,36
44,43
39,85
41,21
37,89
67,59
45,76
89,48
83,83
55,11
82,70
40,21
22,5
64,99
89,95
95,85
82,33
62,95
91,22
53,50
77,91
3,77
97,31
63,80
94,90
98,44
24,19
2,68
76,4
26,98
54,46
54,2
26,87
57,11
87,83
53,28
82,12
23,38
74,69
82,60
67,45
50,50
77,57
84,88
71,9
33,92
50,54
72,66
25,47
1,88
79,37
55,56
8,95
85,92
74,24
6,81
96,55
33,96
43,20
71,55
30,69
63,78
98,9
39,36
84,37
26,95
14,96
18,0
91,37
44,25
23,20
54,42
42,73
9,47
49,76
27,83
41,26
48,94
34,8
98,46
28,57
71,32
38,78
79,45
12,77
53,96
74,66
52,5
57,79
74,72
57,35
94,85
23,16
79,62
7,44
74,31
24,80
87,70
35,66
46,86
25,1
18,42
60,81
71,48
31,31
33,72
28,43
92,53
56,24
52,34
66,25
44,79
58,13
54,74
65,38
19,76
73,76
4,15
74,59
7,33
35,17
14,53
44,76
90,20
73,52
53,5
42,99
52,79
91,14
58,21
0,70
48,23
98,32
67,3
97,22
7,28
58,14
67,95
20,41
6,51
44,0
73,92
80,53
79,98
42,65
31,4
50,36
82,62
44,34
12,97
36,65
59,14
38,64
68,50
60,35
79,19
6,48
42,36
84,55
26,93
67,30
12,24
6,84
76,12
54,12
35,53
31,63
30,97
84,43
61,71
46,97
43,58
71,57
18,64
56,77
97,40
86,76
91,36
82,90
75,90
71,97
30,84
92,66
13,24
53,87
63,31
44,58
40,63
18,46
2,65
80,38
98,99
67,96
66,21
11,82
21,26
22,0
6,22
73,39
20,17
21,72
92,74
48,30
5,55
79,44
78,94
73,46
1,8
98,63
54,49
20,13
61,60
36,55
55,52
83,31
67,26
49,97
74,66
42,9
58,46
97,2
76,28
57,35
5,30
53,79
35,99
62,93
59,75
77,36
44,64
7,63
16,14
47,85
60,49
78,70
28,18
76,22
63,89
73,86
2,46
8,22
86,69
69,31
46,36
35,40
35,19
15,90
71,26
55,59
87,62
22,88
94,54
73,94
77,19
13,15
32,34
99,62
61,51
7,86
81,80
66,45
58,12
43,16
76,29
41,71
95,12
80,73
64,36
16,32
75,49
43,74
60,77
40,82
92,56
49,8
98,14
18,90
60,88
8,88
15,71
3,51
62,55
51,14
73,31
79,57
43,68
16,86
71,3
5,36
69,24
10,38
22,44
46,54
80,82
99,77
35,81
2,69
58,94
16,85
96,8
8,19
64,26
1,20
8,32
15,68
33,96
67,68
66,93
76,15
95,54
87,81
67,85
60,82
76,83
73,76
50,13
43,49
39,10
85,95
36,11
81,60
15,57
14,8
25,92
42,95
28,54
18,61
88,67
91,57
12,74
80,71
22,85
21,78
84,33
96,56
8,88
54,91
72,67
92,42
68,98
77,20
63,75
29,50
16,64
25,99
55,32
68,78
38,56
22,83
3,12
28,23
43,61
48,53
97,87
43,37
64,32
80,96
10,37
31,8
9,6
30,28
26,21
7,41
43,76
91,72
37,1
88,56
62,6
80,88
23,42
19,87
89,49
10,2
91,4
76,4
51,14
91,27
52,50
95,5
56,28
35,84
95,16
59,1
11,79
66,92
27,82
54,94
39,45
49,99
76,58
31,13
90,16
5,41
73,74
76,36
28,7
46,34
39,40
84,23
50,56
83,20
33,37
98,97
43,57
91,1
51,93
31,64
91,92
97,67
81,36
34,46
98,90
4,88
74,91
31,81
91,94
55,29
13,42
33,99
11,67
30,63
90,66
44,19
97,36
7,32
90,27
4,90
95,20
23,4
1,56
14,22
86,38
68,12
44,70
18,38
74,8
94,74
68,64
38,35
7,88
3,66
4,3
55,71
53,24
37,1
82,15
53,0
50,17
98,42
50,13
30,18
90,88
0,97
42,82
32,1
1,72
96,22
45,0
10,78
17,34
96,70
73,26
92,87
61,56
13,96
89,81
15,97
36,25
3,56
16,29
87,74
43,76
89,38
34,92
66,50
79,84
52,65
10,44
43,99
7,59
40,53
67,62
94,47
65,9
32,48
12,22
30,11
84,44
16,81
81,28
65,52
90,65
62,29
88,9
60,72
14,49
86,93
10,77
67,60
76,53
33,26
1,33
25,58
8,1
57,51
52,16
39,0
49,77
36,78
13,86
44,43
42,43
36,33
93,1
41,75
47,77
55,84
87,54
47,43
20,19
55,50
70,49
14,92
51,51
90,39
30,76
60,83
39,19
29,24
56,75
38,29
95,46
73,20
24,62
81,84
75,86
89,25
89,88
75,35
28,20
33,23
69,46
77,14
30,84
73,45
71,59
65,41
6,2
64,68
43,54
26,71
71,27
21,57
86,87
12,56
92,89
63,96
85,13
53,16
7,68
69,41
16,85
81,44
63,45
1,56
83,25
61,96
35,7
98,95
33,89
5,12
89,98
69,71
2,30
53,83
5,2
51,33
13,52
49,4
69,82
27,8
41,27
2,83
21,48
15,51
21,26
33,6
71,64
89,45
24,50
68,40
0,37
84,36
83,19
98,92
0,8
5,7
80,89
42,32
75,93
87,69
46,0
71,21
23,58
16,52
50,13
8,52
46,90
30,48
73,45
22,22
48,10
25,92
79,66
92,22
20,73
40,5
83,78
60,37
84,70
24,17
23,80
38,45
87,99
71,16
65,2
36,18
66,90
46,14
96,37
84,18
78,3
77,6
95,7
9,36
84,56
65,84
16,20
58,61
29,74
65,58
65,76
63,73
82,65
68,77
29,12
97,43
72,77
96,89
39,95
3,9
23,2
54,78
83,22
30,66
21,24
74,87
18,21
71,71
48,87
10,93
75,25
47,83
80,43
65,59
38,75
55,3
84,45
47,94
32,0
66,47
20,94
96,56
50,7
8,11
27,65
61,53
91,17
74,0
17,97
59,93
21,44
9,33
72,36
25,77
1,53
72,95
57,9
59,55
8,64
53,36
70,24
8,88
38,28
91,45
20,18
79,36
13,66
63,94
18,63
12,4
44,23
5,60
98,60
61,55
97,2
63,81
21,26
3,3
26,10
47,58
56,48
90,25
35,96
97,31
68,63
62,70
47,28
69,70
52,99
91,23
35,17
98,74
59,2
28,49
2,64
46,89
24,62
27,94
89,75
63,60
38,62
81,62
91,20
47,31
89,57
12,29
49,42
26,23
99,94
8,40
31,20
96,21
59,81
43,85
84,28
91,46
16,86
51,16
38,28
32,39
83,54
20,39
64,25
97,57
88,36
26,19
69,76
10,87
39,84
33,16
96,69
32,31
36,65
60,97
5,30
25,47
64,14
30,63
75,99
44,96
41,25
59,64
26,44
66,12
0,46
88,93
20,59
37,98
8,73
48,31
56,89
57,92
15,35
9,47
71,57
80,83
2,67
87,15
87,20
92,33
93,85
59,99
40,32
54,42
35,81
35,86
99,61
61,58
72,33
74,44
61,94
88,20
86,89
38,98
92,63
68,43
39,57
82,21
69,58
34,31
79,33
57,28
65,90
83,39
74,41
11,40
46,91
26,52
50,11
43,63
19,71
94,77
80,97
23,18
63,7
10,52
18,30
59,83
31,99
5,58
25,66
64,75
42,80
52,91
82,23
98,72
95,8
29,67
20,6
73,56
78,52
69,60
18,16
80,93
89,69
84,86
67,71
95,17
66,91
95,37
64,19
38,64
50,75
24,17
40,55
16,71
83,53
74,9
60,97
63,4
18,65
45,60
86,48
26,52
20,46
92,31
59,17
57,3
95,49
84,96
42,92
50,24
82,73
33,15
73,66
51,63
79,22
29,57
7,83
12,37
40,12
73,39
84,66
10,60
79,12
27,4
33,48
29,73
48,6
67,3
80,75
58,67
98,86
27,24
50,49
0,12
94,44
80,90
3,17
13,96
23,57
71,55
9,14
1,17
80,92
49,67
59,95
42,71
34,98
34,22
44,42
56,64
24,0
15,22
28,95
40,61
50,87
62,29
73,37
35,93
35,14
95,8
15,1
49,99
40,34
25,90
96,84
62,68
17,0
19,29
71,60
29,61
83,53
16,48
72,24
74,72
20,11
89,91
46,59
48,33
30,39
49,48
28,91
89,78
86,8
66,5
19,26
70,25
7,45
68,88
65,80
29,8
87,83
15,50
10,64
26,30
82,55
29,88
68,57
89,83
77,65
82,75
72,57
7,40
49,71
92,47
35,48
62,60
19,87
88,25
79,34
22,27
1,91
29,14
4,70
49,84
15,1
42,21
2,97
51,21
46,18
41,52
55,14
30,45
73,24
60,41
10,71
90,15
20,65
54,26
64,10
73,4
62,69
43,85
56,26
29,97
19,36
9,52
55,47
80,81
30,21
63,25
8,61
1,25
49,29
26,90
29,14
48,84
43,77
38,16
18,71
33,79
20,3
67,82
16,29
96,5
80,77
46,68
7,57
1,47
11,4
25,60
23,19
28,77
6,39
3,47
51,28
70,5
5,72
31,37
21,72
91,99
11,93
81,5
37,86
67,13
12,26
16,72
56,23
91,47
44,50
20,35
0,91
68,89
52,9
97,37
88,30
5,94
72,30
40,56
89,68
93,22
47,42
7,90
55,50
42,87
23,19
78,11
69,41
18,54
19,65
67,0
15,27
67,27
56,52
37,12
31,61
74,14
30,85
11,37
11,65
82,81
32,38
51,4
58,13
78,0
82,86
97,84
50,62
0,5
84,52
72,35
58,39
29,61
14,65
76,4
13,95
8,68
66,34
78,61
98,30
48,50
17,26
50,59
35,26
54,3
42,52
2,10
86,29
51,93
78,2
3,17
63,80
38,87
0,85
52,38
97,12
86,16
36,94
52,0
11,72
31,88
4,32
93,64
1,72
22,54
20,43
85,99
70,14
65,90
46,35
53,22
97,79
17,88
84,99
78,16
2,34
66,44
22,31
66,92
70,44
58,9
42,45
70,39
77,68
36,59
4,81
99,72
94,98
5,10
92,90
44,12
25,98
24,29
69,53
2,54
82,86
34,36
55,63
54,24
70,97
47,21
24,18
80,32
10,40
86,81
56,59
72,82
51,2
75,52
61,38
94,93
20,46
22,52
85,45
7,61
31,35
67,28
78,5
40,89
25,54
43,45
47,82
18,44
85,93
14,89
54,62
58,60
14,73
83,62
27,28
70,99
60,12
50,35
24,8
10,3
68,13
67,11
40,48
52,42
22,30
41,89
88,46
69,65
74,81
33,90
92,6
72,4
93,28
66,71
16,71
13,9
13,58
20,81
18,47
47,45
61,55
26,12
19,95
22,65
38,47
63,36
99,80
59,25
29,4
15,13
5,45
31,94
16,50
91,17
76,76
5,97
8,45
2,19
44,74
61,74
2,72
34,59
51,74
64,28
81,77
25,60
94,4
86,90
5,5
43,29
36,19
15,66
43,14
12,39
81,7
54,51
88,39
12,19
68,89
21,40
23,57
5,59
77,19
91,83
44,5
29,14
71,38
28,69
43,69
15,5
14,48
15,5
87,0
40,84
29,40
74,92
20,99
30,24
75,24
22,98
1,8
94,79
71,67
1,9
94,75
44,90
89,8
56,98
70,64
29,45
31,57
59,47
89,51
30,98
7,28
82,32
21,37
62,58
66,40
91,17
23,54
78,0
34,13
87,51
18,62
28,32
8,39
61,77
61,6
0,54
87,72
10,22
44,3
7,22
59,86
38,31
18,47
29,7
95,58
51,77
54,59
13,68
99,16
95,59
48,2
81,81
54,70
29,99
70,64
60,27
99,74
48,89
42,12
68,55
59,96
79,3
85,79
85,72
29,96
79,54
49,27
89,4
33,26
55,56
84,31
83,95
81,48
2,64
64,98
69,46
36,65
1,99
87,29
91,36
41,90
38,45
23,27
37,57
9,0
18,80
77,12
36,40
17,63
80,49
92,85
40,81
94,66
38,96
42,73
38,92
34,18
26,81
44,40
84,2
8,10
50,9
40,70
25,33
63,41
57,8
34,53
17,87
75,12
81,93
17,36
33,50
73,73
67,69
15,52
72,38
46,11
77,43
26,97
34,45
95,86
7,12
96,16
41,78
6,26
67,10
50,4
1,81
8,54
1,64
99,10
92,72
83,63
96,79
8,32
88,94
54,89
31,80
77,76
13,95
27,36
29,87
5,44
98,30
47,89
31,80
49,7
21,90
7,15
65,15
67,52
61,10
46,62
79,93
59,12
36,97
69,52
7,47
90,31
32,54
53,62
42,25
12,95
49,26
9,8
30,44
12,62
0,71
3,60
92,23
64,11
18,37
32,97
29,31
39,78
86,76
53,52
58,55
89,40
87,11
96,23
31,66
56,62
56,82
87,75
1,74
3,85
95,39
47,52
2,70
99,21
43,62
37,88
13,38
68,1
43,56
61,30
58,88
16,49
16,8
23,34
19,6
87,89
70,2
38,27
9,6
67,49
54,67
22,97
75,79
49,25
6,37
24,9
61,9
56,18
18,63
43,52
35,44
13,45
15,35
7,78
52,75
61,27
25,38
65,9
48,83
20,84
88,83
26,88
28,7
47,52
42,39
30,39
60,33
53,72
82,59
93,4
31,55
23,4
87,55
7,41
93,13
49,10
78,15
68,45
98,51
41,45
65,3
1,75
55,18
97,74
53,46
63,94
8,81
7,46
64,15
47,48
86,29
17,25
94,41
39,26
17,18
6,49
76,29
17,13
30,74
53,42
74,28
98,83
18,26
23,63
34,52
84,55
84,97
37,8
75,77
45,40
13,55
67,19
75,91
29,39
47,89
72,53
40,63
55,1
38,39
59,90
17,3
23,42
85,80
84,57
94,59
8,97
84,9
52,31
55,35
61,2
48,54
45,86
31,15
58,38
46,67
89,85
97,99
46,63
61,70
11,79
17,33
4,26
95,51
19,66
45,88
28,77
63,6
52,88
42,20
37,61
88,90
35,80
32,17
79,40
79,73
7,42
51,46
51,93
95,22
14,89
15,17
5,27
93,68
13,60
28,92
55,51
81,90
60,37
70,12
69,86
39,67
88,58
76,76
96,28
55,52
37,56
25,34
63,7
94,61
4,8
64,6
90,40
77,38
89,26
35,21
97,46
1,64
2,91
0,83
76,58
27,48
79,29
98,41
99,53
31,89
55,45
94,66
75,26
2,87
58,33
12,1
7,96
33,91
27,27
44,35
24,80
69,23
43,81
34,37
62,43
25,43
56,96
54,47
71,95
36,1
19,30
47,96
25,90
77,35
3,89
86,53
72,27
3,36
25,23
85,98
78,92
24,43
37,41
44,35
22,60
59,46
49,14
15,43
96,9
72,60
99,43
34,36
88,32
24,88
38,91
89,43
81,7
21,64
23,32
31,0
34,2
71,99
48,44
77,58
98,86
89,74
62,65
90,65
57,26
36,26
6,97
78,38
16,36
0,53
74,64
60,87
59,84
13,2
77,43
45,4
26,27
2,46
41,54
36,49
56,30
30,72
15,61
76,5
75,20
58,28
52,21
30,18
10,15
46,12
78,72
64,37
36,32
9,87
50,6
92,5
26,50
71,62
57,27
77,46
66,5
19,21
12,81
80,54
98,77
87,78
88,9
83,38
17,23
11,46
52,85
67,93
63,30
28,45
77,44
92,68
70,72
86,49
76,0
45,85
58,48
17,80
81,89
46,52
26,88
14,63
23,11
39,29
45,32
38,66
73,60
18,94
87,7
19,55
34,83
6,70
87,73
25,13
74,14
46,70
5,44
31,93
64,36
11,68
27,57
13,51
36,0
68,14
18,87
29,45
59,27
27,41
66,73
46,21
38,47
88,70
39,35
49,7
98,64
57,85
54,36
21,86
8,66
37,18
81,59
69,12
14,29
92,36
45,68
26,50
83,47
50,59
87,63
79,65
32,98
35,69
58,81
53,3
29,7
46,4
40,38
3,6
11,19
72,78
85,79
61,28
70,87
65,96
42,32
72,11
46,81
5,62
33,1
35,17
53,38
39,23
59,18
26,48
14,82
71,94
44,98
63,82
73,19
15,38
60,16
85,62
30,80
61,70
61,43
49,64
16,29
41,80
52,73
66,35
6,18
49,91
80,69
36,19
82,54
75,60
14,62
79,43
25,93
69,37
21,35
78,55
30,83
86,36
61,83
47,19
45,73
69,28
44,35
18,28
68,74
88,36
89,7
21,32
80,39
79,28
35,57
6,24
12,94
99,35
25,88
94,86
73,22
4,5
59,91
61,55
4,55
8,66
13,21
79,27
86,71
76,53
72,48
81,46
34,18
23,65
18,24
82,30
90,17
0,94
47,63
80,55
41,82
11,47
72,81
98,11
17,92
3,31
46,52
98,99
19,95
54,91
47,40
88,74
0,23
78,46
32,11
97,14
31,80
92,60
29,51
69,7
61,67
21,10
96,93
48,57
43,63
76,8
14,38
5,74
70,14
66,30
51,55
96,42
28,67
85,27
0,40
27,97
64,33
21,24
59,55
60,94
77,3
47,59
14,17
50,12
80,21
23,67
88,61
43,57
19,95
60,50
55,88
67,7
11,75
19,39
82,13
25,80
87,17
42,3
68,28
74,47
51,32
3,97
76,98
48,94
11,43
2,2
93,29
65,18
27,75
48,53
83,57
73,31
26,43
95,56
45,93
77,44
5,15
47,68
0,75
59,36
68,85
29,97
33,15
99,34
56,59
39,85
56,62
41,45
88,48
43,89
42,94
58,90
7,51
79,6
58,47
20,53
67,29
11,86
94,44
54,1
7,0
5,3
85,57
59,85
78,11
38,42
11,69
38,5
96,97
27,11
5,37
25,56
61,42
89,69
72,33
74,94
79,18
83,51
35,95
36,72
46,71
39,42
98,9
5,56
25,71
4,17
91,67
44,57
46,59
11,4
76,61
66,2
4,78
60,77
34,1
7,83
53,36
36,6
0,86
64,72
50,30
75,51
57,6
18,85
3,23
66,49
50,97
64,6
2,56
17,23
39,80
9,55
33,87
21,84
56,51
68,23
65,30
55,86
13,51
28,15
69,86
90,34
20,93
42,93
87,69
20,28
25,58
75,29
6,30
71,76
33,61
15,54
5,30
64,10
12,46
32,57
50,33
70,61
64,69
5,86
93,24
39,17
53,44
67,85
24,18
2,89
18,48
72,93
39,69
72,90
81,84
86,46
83,97
44,84
40,86
82,44
32,89
35,59
75,79
19,74
64,64
1,45
53,70
39,51
6,71
16,20
69,25
2,22
14,82
98,73
34,71
76,83
4,79
86,53
54,93
59,47
36,46
4,19
7,47
19,20
15,64
18,51
41,72
88,42
0,93
79,46
36,33
80,85
36,35
19,77
5,29
97,18
47,24
87,62
89,14
3,24
19,6
62,40
49,12
34,74
90,58
62,87
67,97
40,37
10,48
0,87
50,98
0,15
19,48
96,51
96,79
56,53
32,75
68,3
77,22
94,89
6,69
72,31
5,96
89,47
31,14
21,62
57,12
59,16
77,80
68,50
78,1
94,18
92,58
48,49
71,1
80,48
30,78
99,58
67,39
62,66
38,33
47,50
13,72
16,81
8,97
26,91
77,10
8,80
96,90
55,72
64,34
1,1
55,48
68,69
61,18
95,36
17,56
82,43
21,62
40,55
11,60
70,66
66,31
0,41
48,64
55,37
23,3
68,3
17,18
32,66
10,12
85,31
83,84
7,33
21,31
78,53
45,39
99,78
75,78
17,57
82,83
23,22
94,18
76,88
51,27
99,33
21,5
30,99
77,9
22,99
14,77
39,93
83,29
92,83
70,53
10,23
40,12
35,15
60,97
89,95
12,74
2,60
17,55
32,54
35,96
1,99
97,70
6,75
65,9
20,17
76,61
78,63
9,90
46,65
37,95
57,50
35,92
82,67
31,33
68,83
76,82
22,43
88,8
3,40
36,69
46,88
23,9
18,91
87,67
85,19
82,32
56,54
80,13
97,2
95,78
29,89
86,45
42,87
56,31
90,85
59,56
93,99
55,16
87,2
99,92
89,11
28,31
60,74
54,95
99,34
84,0
85,86
69,31
43,3
7,26
49,79
35,76
70,70
59,90
31,95
78,16
39,8
92,21
9,56
47,92
99,17
75,58
94,60
15,73
36,60
37,18
27,44
51,43
6,36
34,54
80,67
6,65
66,30
30,89
33,5
80,44
3,60
62,76
13,24
13,61
66,98
15,21
97,68
28,31
28,40
64,11
18,72
7,37
73,0
20,98
69,82
41,59
83,84
37,35
27,65
38,26
23,39
38,55
60,38
77,33
92,16
19,89
8,30
2,75
1,91
52,57
39,89
28,34
19,38
84,23
75,56
39,56
91,5
51,77
57,30
95,8
54,59
19,57
24,67
67,92
91,44
29,42
4,90
66,89
74,38
36,54
71,66
6,32
31,35
8,46
73,97
28,93
81,33
60,33
49,78
82,19
3,45
55,42
38,54
14,82
8,36
10,8
34,51
5,93
90,91
36,70
29,8
2,7
94,16
98,71
47,15
75,90
68,23
17,95
26,87
26,94
31,1
31,62
43,96
70,58
53,93
83,54
39,34
3,23
28,49
62,35
26,1
86,55
82,55
72,49
89,20
66,68
32,32
81,6
3,83
6,71
58,44
97,11
88,13
65,59
61,60
74,99
70,24
41,99
72,40
12,25
27,21
37,88
52,8
98,20
15,16
54,10
27,32
0,73
47,38
89,54
40,17
77,5
56,71
70,55
97,82
46,7
90,34
70,87
63,75
29,45
11,90
97,68
78,41
48,91
93,16
21,74
24,62
47,36
0,9
13,55
31,95
23,37
6,17
78,21
97,27
79,90
86,27
49,32
65,21
37,93
62,90
16,89
1,62
81,63
71,22
17,96
93,42
12,17
47,18
27,97
33,53
30,71
85,93
65,31
13,95
58,8
98,60
28,45
32,69
64,47
50,32
87,50
89,86
17,22
69,74
34,57
95,92
99,26
56,89
14,34
68,10
63,2
74,61
70,4
55,43
74,19
91,17
24,77
73,78
37,81
94,42
39,91
36,24
65,88
91,3
82,22
5,68
99,41
20,79
91,57
74,6
70,81
34,93
51,23
17,14
98,8
79,83
34,77
29,84
40,26
92,55
62,58
67,73
23,43
25,32
43,11
59,22
38,38
17,66
39,42
89,77
74,68
38,76
97,85
53,14
43,86
63,54
25,5
10,41
31,35
32,58
86,73
78,81
28,68
51,43
71,70
36,30
49,91
57,65
27,33
67,39
90,71
91,86
6,10
90,43
64,20
11,1
28,43
79,62
11,5
33,34
18,12
67,50
19,53
21,4
76,78
3,99
80,57
10,17
44,61
88,37
55,28
86,3
42,0
39,29
35,62
21,47
14,48
73,89
21,82
89,28
84,19
93,41
82,95
88,73
28,64
89,63
87,26
20,12
33,38
4,22
11,52
89,87
53,50
50,24
30,44
83,74
21,50
6,49
93,98
43,58
96,90
42,9
54,96
74,27
73,8
29,99
84,18
59,59
12,83
60,34
28,4
70,93
24,2
70,49
55,21
93,15
2,10
0,19
48,9
4,56
67,36
33,60
48,53
14,12
32,27
20,82
16,7
58,29
99,27
61,5
32,91
97,72
57,42
8,78
18,70
89,76
22,75
94,33
62,20
57,60
28,92
90,18
73,36
56,98
25,90
13,28
99,39
86,52
57,21
81,72
65,35
97,81
33,48
42,31
50,10
27,44
9,52
71,0
93,60
90,42
18,70
56,23
20,10
38,15
72,59
24,93
7,58
21,90
80,1
20,28
50,96
80,2
45,96
92,74
3,38
65,33
92,86
11,15
30,65
32,21
72,43
45,99
28,13
74,13
87,9
58,89
96,65
18,74
55,49
80,21
67,20
15,9
44,3
65,33
38,27
17,86
53,99
20,20
53,23
69,54
12,5
90,24
36,6
98,35
30,36
64,70
48,0
9,25
38,53
41,57
48,16
93,17
46,70
96,22
37,83
62,51
97,66
14,63
38,64
66,33
50,86
96,17
54,96
31,47
81,82
69,56
97,10
41,55
11,21
50,23
90,49
99,39
76,18
9,62
18,4
42,63
49,76
47,67
24,32
55,56
16,66
9,76
53,66
66,79
71,46
92,85
42,71
99,8
12,60
43,58
97,29
87,25
24,83
24,0
78,94
51,58
15,97
56,38
82,95
73,66
66,13
21,48
85,7
65,76
66,72
11,3
65,4
71,8
85,64
36,37
24,93
48,0
73,62
38,65
77,18
60,93
64,48
29,61
2,47
80,21
99,95
29,58
75,9
16,37
51,45
45,37
68,42
85,42
62,16
67,42
41,89
84,67
94,34
1,4
89,19
10,68
77,76
93,52
19,79
99,80
5,31
76,0
61,69
60,27
67,14
51,11
50,88
82,88
31,81
76,40
64,72
2,21
2,18
25,84
35,77
24,1
13,55
44,68
66,80
27,43
71,98
75,23
3,93
79,63
41,86
6,19
86,83
7,29
97,72
2,88
63,8
20,69
34,68
11,16
39,25
27,79
47,65
81,79
75,36
57,54
99,11
73,94
95,33
54,26
15,8
93,23
24,37
1,98
6,52
73,93
29,84
14,38
13,78
74,31
16,38
77,88
48,40
60,35
34,16
27,10
57,88
75,48
95,23
83,59
61,22
52,95
54,51
81,44
8,20
80,34
22,34
29,95
90,38
67,28
34,94
7,62
57,79
79,45
50,51
66,77
95,90
91,16
22,49
28,94
85,43
59,30
63,88
52,72
52,80
73,53
16,50
41,65
56,53
69,11
68,12
5,17
81,20
98,71
53,50
81,18
9,44
27,0
47,63
86,30
97,23
53,6
89,71
2,31
40,30
69,86
24,63
21,92
74,12
91,89
58,11
77,62
27,56
27,64
38,23
33,21
58,5
3,37
72,4
67,51
66,8
43,14
25,33
56,4
7,9
58,16
70,41
48,91
26,29
84,75
17,66
59,48
75,65
75,20
45,1
35,11
87,92
6,51
11,82
49,94
39,61
16,78
24,22
94,55
49,85
53,63
27,3
77,90
10,79
85,0
21,40
34,17
51,40
97,84
14,75
8,41
52,90
17,66
1,42
26,42
89,72
26,38
93,64
95,52
66,71
40,47
17,40
78,23
83,67
59,6
62,6
10,31
28,12
9,85
31,45
26,4
54,57
90,81
37,94
84,79
47,71
30,24
57,71
2,72
34,80
34,19
91,68
17,81
29,75
4,82
7,82
86,3
17,51
93,43
6,65
36,84
76,4
29,27
90,69
98,64
12,91
50,0
4,11
3,40
80,85
86,24
52,11
20,3
52,26
83,11
13,5
58,0
41,63
31,99
14,26
25,13
1,17
97,76
58,14
49,51
39,35
53,21
75,69
59,21
64,96
7,58
13,26
75,2
31,85
13,21
89,3
70,25
91,80
38,50
27,69
74,59
40,17
63,20
82,1
41,2
71,80
35,90
97,25
12,38
75,15
18,74
36,80
46,48
52,96
71,39
64,70
60,3
27,3
61,10
47,1
78,10
60,18
89,0
10,12
2,61
32,3
32,66
65,91
91,78
10,36
21,76
1,73
72,66
49,88
40,2
38,62
58,99
39,68
53,29
29,49
7,47
84,60
38,33
66,48
54,69
65,54
34,22
44,96
55,28
73,66
41,17
94,96
34,15
56,61
66,65
7,9
33,8
2,72
52,33
34,88
67,89
86,31
25,41
0,20
82,82
10,93
54,30
43,18
18,89
15,47
5,99
54,66
71,17
5,70
43,39
65,63
9,11
66,64
80,47
37,46
40,41
59,23
77,40
25,31
54,86
22,9
49,47
45,76
55,66
78,21
50,42
30,42
85,91
59,18
15,2
51,8
51,53
75,65
79,23
0,53
71,50
82,6
22,2
89,53
70,44
15,33
45,96
93,72
4,59
88,20
41,28
2,47
22,32
19,86
13,98
28,59
44,47
13,92
31,14
91,35
28,13
29,31
52,20
37,96
48,19
18,86
60,78
39,69
76,53
20,28
97,84
63,12
90,5
34,31
99,18
73,62
79,96
72,61
34,69
54,40
80,64
60,74
10,35
60,91
47,51
59,50
22,44
45,61
71,28
94,88
94,57
55,94
40,1
39,57
5,7
12,43
19,35
77,50
39,68
31,92
30,31
15,83
10,91
10,52
35,33
55,73
66,40
6,22
0,17
60,90
12,21
97,95
21,22
44,28
67,48
11,11
70,9
63,54
79,10
41,79
17,36
79,27
57,15
98,47
19,33
41,13
88,57
45,72
77,99
16,45
9,31
76,63
15,71
74,87
80,58
25,3
0,92
10,82
46,20
73,54
85,85
90,9
40,48
68,77
51,17
25,35
82,40
64,71
41,2
60,22
10,9
98,4
26,94
72,27
65,32
26,26
26,53
92,98
87,15
29,9
66,76
62,1
70,80
97,66
59,43
0,92
19,3
36,58
41,65
82,93
69,9
63,55
27,41
19,55
49,35
75,27
64,93
79,39
44,36
0,63
89,61
39,84
43,85
84,26
72,78
39,72
64,24
66,37
52,59
94,68
7,85
92,38
43,70
87,71
48,23
25,92
84,50
69,51
23,15
11,25
74,49
78,6
21,8
31,82
39,20
27,85
53,45
63,10
25,2
60,97
17,85
15,53
58,76
26,55
63,50
44,26
98,52
74,53
32,14
50,27
63,69
32,9
77,93
8,59
99,96
85,58
23,40
28,97
18,99
29,9
22,62
77,21
19,6
45,36
88,95
82,32
4,87
80,82
65,2
46,64
32,80
47,36
61,5
65,37
31,51
7,18
43,83
84,61
64,10
1,63
94,21
39,31
99,61
2,60
60,34
70,7
98,12
35,50
24,11
12,26
20,42
65,55
61,64
24,79
62,69
32,72
2,68
74,50
9,44
59,81
72,99
76,36
9,88
30,11
32,2
95,21
68,29
54,1
21,14
65,59
74,65
75,68
89,78
84,27
4,52
57,45
84,81
25,34
65,78
12,89
23,30
81,70
14,19
73,20
71,46
45,97
47,94
37,29
93,74
62,24
21,80
31,80
53,15
9,78
37,11
14,40
52,57
71,16
61,57
8,18
14,56
46,76
63,93
99,86
69,96
18,38
85,51
3,68
35,18
87,35
27,6
10,79
58,93
41,37
37,85
86,35
91,30
19,74
96,95
11,65
93,31
18,41
5,45
57,33
52,70
13,73
20,36
46,11
80,2
20,42
44,76
74,39
58,11
90,49
20,28
11,3
23,37
57,29
85,36
72,70
99,9
23,47
55,24
57,82
52,34
33,40
94,42
49,43
82,22
56,62
77,65
3,86
40,42
30,71
74,73
96,83
71,36
25,3
12,0
61,72
93,7
56,11
89,52
13,22
21,57
94,34
83,36
39,72
9,51
73,54
53,78
62,53
87,84
75,73
90,42
37,11
25,3
78,64
73,68
66,47
2,23
69,84
40,68
38,61
39,67
85,80
80,46
16,50
12,74
30,4
32,8
85,85
81,29
24,4
62,1
77,59
37,37
37,88
71,14
83,78
4,44
93,88
76,51
96,21
96,25
52,96
50,92
42,68
29,25
54,97
42,21
79,11
2,50
28,11
79,24
8,44
53,19
39,18
57,73
75,91
73,57
20,18
17,71
68,84
65,81
88,36
82,41
65,17
58,70
22,16
69,23
31,79
27,84
33,25
7,26
96,92
89,36
12,57
95,77
44,31
84,52
89,63
72,7
93,21
93,31
37,18
26,31
10,39
95,75
59,9
91,23
12,54
77,71
24,68
36,62
91,95
24,91
18,74
8,4
45,68
8,71
28,8
55,0
92,98
29,33
36,44
80,24
15,32
37,85
80,17
64,92
24,57
72,22
87,52
75,52
18,71
63,13
35,82
91,60
30,68
88,1
86,0
9,91
49,1
88,38
76,19
20,96
86,78
0,76
29,48
53,76
66,6
31,84
53,64
43,60
41,16
49,82
26,3
29,20
53,78
44,80
44,68
79,78
35,52
36,48
79,78
69,90
21,15
78,36
18,45
60,59
68,32
78,74
8,91
90,58
83,52
44,88
99,25
63,41
67,78
96,54
61,31
36,75
41,13
56,69
55,23
81,74
81,95
88,44
59,81
10,99
47,88
26,7
79,40
42,67
41,5
5,64
92,86
3,40
53,91
7,90
21,43
66,76
96,89
49,30
92,44
47,0
15,83
4,81
93,80
45,1
28,94
29,39
75,7
72,83
38,29
27,13
98,28
55,22
11,74
2,39
1,76
56,49
39,21
31,86
18,41
55,73
11,88
88,14
96,82
94,98
25,34
22,47
28,19
38,45
15,1
22,15
27,28
95,16
14,64
47,1
85,41
94,89
30,31
30,45
17,77
71,83
73,92
7,37
69,76
29,68
97,17
34,68
83,20
11,51
6,20
99,81
85,2
56,76
86,79
16,87
1,79
61,54
33,78
26,75
69,57
41,94
12,65
35,74
54,71
49,8
29,61
24,99
80,53
0,76
37,27
10,7
72,11
41,90
44,53
33,55
56,46
11,70
25,93
37,6
31,75
15,32
73,28
65,57
65,27
84,66
89,91
44,83
16,46
41,1
80,92
40,8
41,59
80,47
92,40
95,26
52,71
88,74
41,3
63,30
93,10
0,91
99,43
89,47
60,8
69,96
58,21
9,3
27,97
16,68
54,35
32,69
6,49
1,22
61,73
45,75
69,83
87,51
68,56
78,30
42,57
33,94
22,46
42,38
46,88
90,41
23,93
91,57
76,0
64,44
80,95
52,63
72,69
34,22
39,92
7,64
78,50
26,97
66,2
50,26
0,80
33,48
99,44
52,45
42,89
88,80
61,80
78,9
49,59
8,35
14,34
18,2
68,89
45,99
7,26
99,15
53,1
64,65
42,78
24,30
23,49
29,81
19,59
47,74
65,26
66,36
98,53
3,25
4,94
9,30
47,0
16,97
90,55
90,96
33,39
72,9
37,38
79,51
14,4
72,38
23,59
57,64
20,77
29,6
65,44
60,44
77,55
90,89
25,89
36,37
40,4
52,7
28,26
36,43
59,57
49,29
57,27
15,29
26,76
19,25
40,59
27,91
14,8
38,3
31,30
42,61
73,17
96,91
64,76
57,7
33,83
11,39
7,40
93,56
4,48
24,84
93,63
22,48
37,0
38,36
33,28
56,22
31,2
59,88
73,80
91,52
5,7
14,48
3,81
64,99
53,5
62,59
34,13
74,49
30,51
64,54
2,60
15,2
70,79
30,48
4,46
17,70
78,26
53,4
83,78
48,86
49,63
16,59
88,36
84,57
79,52
91,12
21,47
12,22
63,10
11,57
78,3
10,76
68,17
30,66
41,29
8,77
24,9
37,11
16,19
85,83
72,97
53,54
62,51
67,70
74,35
12,98
85,12
0,62
42,49
22,63
92,77
97,69
97,69
60,6
90,94
14,81
84,95
80,53
16,41
81,5
79,80
48,2
93,49
71,95
7,78
95,83
94,2
46,63
84,96
8,20
12,87
45,53
36,5
25,14
15,36
36,91
27,65
83,17
74,13
60,51
13,11
6,98
81,26
71,39
58,32
79,57
18,88
43,81
49,20
39,47
17,13
22,59
31,18
43,93
61,99
63,65
99,11
70,11
61,68
26,89
44,70
43,80
73,4
2,38
10,66
60,68
69,83
12,31
75,55
41,97
90,47
18,63
54,72
15,61
67,88
3,91
20,26
90,85
95,42
31,50
78,77
89,7
33,30
27,32
14,13
71,44
96,45
99,93
91,43
35,24
88,26
96,94
66,72
13,54
95,11
83,33
98,35
2,22
83,22
58,50
48,9
90,10
99,62
51,0
16,83
45,89
88,3
58,2
76,60
42,56
94,94
64,68
75,5
62,26
4,89
62,21
6,4
32,37
35,91
41,33
93,5
15,36
93,81
29,58
65,62
27,80
91,42
9,71
36,60
44,23
0,58
75,94
7,46
82,59
8,75
34,83
1,80
4,96
47,46
97,30
94,0
62,43
15,47
23,13
97,89
68,88
65,48
53,81
66,74
44,44
38,50
7,45
64,37
81,30
97,38
67,6
16,38
78,40
83,79
40,68
80,96
32,98
89,50
27,19
63,13
47,74
8,76
8,57
61,17
63,13
82,63
43,95
29,80
27,91
47,53
25,82
46,33
57,28
67,68
99,82
85,32
68,93
49,72
57,13
80,39
19,39
46,22
94,39
12,5
50,25
51,85
27,28
76,82
44,74
49,40
99,74
50,58
60,87
5,50
12,80
92,70
64,94
81,20
39,42
4,65
5,1
44,40
51,9
3,83
63,3
6,8
70,19
45,43
25,90
82,11
32,10
46,68
62,78
83,21
47,82
87,21
88,58
91,4
48,33
92,28
74,63
79,71
69,66
74,73
98,51
35,50
2,39
58,97
37,88
40,43
35,42
9,16
64,12
8,48
74,58
43,50
53,97
47,51
53,91
40,45
24,74
65,50
89,38
10,10
86,65
64,10
97,73
19,7
91,82
61,72
89,46
98,13
57,15
4,1
52,45
45,31
30,47
42,30
36,11
45,43
37,94
78,3
17,7
16,15
58,27
26,67
24,58
89,9
37,18
14,69
42,57
8,12
86,34
67,75
80,20
12,95
54,70
60,98
36,76
96,33
73,58
5,60
83,26
75,72
90,77
59,57
63,1
80,6
47,67
15,79
1,81
58,42
68,43
3,16
71,40
39,50
23,47
78,54
5,40
37,60
54,11
95,76
46,65
8,40
34,81
95,54
46,12
61,39
84,57
37,54
85,45
97,84
72,64
82,29
31,52
6,67
71,85
21,15
63,85
52,68
0,52
55,49
72,69
46,72
33,36
64,23
71,39
78,68
2,87
19,89
18,90
43,88
91,23
28,73
24,93
73,30
39,42
65,96
61,15
99,1
71,72
81,86
62,11
21,67
88,37
47,26
86,88
10,59
89,65
81,57
97,1
70,58
12,85
4,65
43,74
61,35
47,9
68,76
31,43
59,78
30,82
24,62
80,33
74,99
35,96
54,95
70,38
15,24
45,40
60,65
11,98
51,20
66,42
55,17
93,77
73,53
92,58
72,40
36,55
97,84
56,4
54,69
16,5
7,61
41,52
53,80
38,5
51,48
36,49
47,7
17,6
35,88
55,76
99,37
11,10
54,35
42,80
50,26
58,8
2,3
5,41
56,27
58,35
42,81
70,16
54,79
20,94
40,10
14,44
61,87
79,98
34,12
47,62
29,24
97,90
35,67
29,5
65,32
92,16
50,51
72,86
72,68
22,35
4,72
48,60
78,51
72,88
28,64
65,56
62,93
28,75
51,80
9,93
4,33
91,59
26,63
22,2
91,27
63,81
5,20
60,6
31,38
6,55
30,23
53,34
26,11
46,13
19,52
46,19
2,83
78,81
53,48
42,69
40,82
70,72
39,1
26,69
76,66
38,91
99,24
14,29
66,58
4,75
62,55
86,38
85,89
33,82
14,76
64,29
82,15
59,43
60,15
70,30
46,0
71,76
74,48
54,28
81,14
32,26
90,39
26,44
20,95
93,61
27,82
42,43
28,52
40,94
55,21
55,67
82,20
39,42
26,94
24,48
74,10
32,38
67,2
67,44
17,25
63,14
10,70
35,9
80,79
42,24
38,2
8,24
90,39
94,87
33,52
44,95
27,25
29,93
87,38
82,41
82,39
9,12
73,11
30,70
77,72
68,65
47,17
78,74
36,58
23,46
75,59
25,88
29,72
97,70
58,66
33,22
70,83
18,72
97,16
86,53
2,88
36,53
43,57
19,22
6,4
11,2
28,44
10,95
32,56
83,24
3,15
32,95
62,70
73,40
10,97
66,7
75,16
56,5
63,69
26,78
27,95
95,61
23,64
70,55
34,97
7,6
14,72
24,60
99,36
0,71
5,93
32,17
40,52
55,41
44,89
24,10
40,17
69,21
14,23
40,3
34,43
39,95
10,88
21,9
64,49
1,53
0,95
88,11
45,49
22,45
54,68
46,38
48,52
86,40
37,31
51,36
76,12
49,83
97,62
91,73
59,30
34,66
78,90
10,48
48,81
21,1
31,79
47,34
31,99
93,82
29,27
25,38
57,72
81,71
82,26
84,85
69,84
13,77
56,16
58,22
12,69
52,68
18,72
31,19
58,6
29,4
2,80
34,23
5,44
18,25
63,92
84,13
19,14
62,55
80,82
39,43
58,35
7,1
80,78
46,7
96,30
96,57
46,74
96,87
26,57
21,91
22,11
26,49
77,98
93,94
42,48
59,81
32,73
94,16
66,36
82,94
81,55
39,87
83,44
55,80
43,76
25,57
17,86
30,73
74,72
74,93
14,81
16,17
38,22
71,69
15,86
93,64
57,18
90,98
65,52
8,58
41,30
25,52
89,2
58,5
71,26
80,40
60,36
39,28
57,6
23,58
4,18
21,90
54,11
2,64
4,47
81,95
6,59
56,46
0,69
78,80
51,21
43,56
54,79
84,25
65,14
62,63
62,97
64,12
50,79
96,64
32,41
8,48
94,13
62,67
76,48
93,63
99,39
54,46
37,59
6,47
18,16
41,54
27,96
67,43
37,5
60,80
32,11
31,28
90,59
12,61
18,66
92,38
10,58
8,12
7,57
83,6
61,73
59,1
83,91
64,68
34,21
89,65
21,37
38,11
0,25
53,48
27,10
69,43
34,5
3,81
7,40
3,80
31,36
9,4
17,50
41,71
66,54
94,4
44,90
1,0
84,25
88,90
30,78
33,56
46,96
32,22
89,97
57,28
46,70
85,23
87,74
3,85
35,96
2,15
64,42
54,38
97,89
56,61
53,74
44,97
33,59
3,25
75,28
23,81
14,2
18,83
48,37
22,86
40,13
50,18
53,48
79,49
87,84
68,46
32,75
86,9
65,79
69,59
57,25
37,4
27,70
87,54
84,56
84,9
51,14
89,56
84,71
35,14
78,10
10,80
55,91
53,88
35,28
48,78
74,54
28,22
7,33
16,4
77,23
91,91
84,64
31,46
61,39
2,36
77,34
28,58
4,70
32,15
64,33
11,78
52,5
98,78
33,21
15,16
69,86
12,46
0,37
55,61
13,32
18,82
99,76
18,60
11,84
98,31
69,43
40,40
68,23
99,70
83,96
95,96
77,4
9,43
59,54
92,8
71,12
74,18
13,93
